%YAML:1.0
M1: !!opencv-matrix
   rows: 3
   cols: 3
   dt: d
   data: [ 4.2438595375479628e+002, 0., 2.1181672941086299e+002, 0.,
       4.2438595375479628e+002, 1.4586394581898617e+002, 0., 0., 1. ]
