%YAML:1.0
Q: !!opencv-matrix
   rows: 4
   cols: 4
   dt: d
   data: [ 1., 0., 0., -2.0539241409301758e+002, 0., 1., 0.,
       -1.4252280616760254e+002, 0., 0., 0., 4.2438595375479628e+002, 0.,
       0., -1.6544821302109234e+001, 4.8204384926220212e+002 ]
