%YAML:1.0
T: !!opencv-matrix
   rows: 3
   cols: 1
   dt: d
   data: [ -6.0385246172542435e-002, -3.6460033907966075e-004,
       2.7816417666823474e-003 ]
