%YAML:1.0
M1: !!opencv-matrix
   rows: 3
   cols: 3
   dt: d
   data: [ 4.1884193105642532e+002, 0., 2.0043715486102667e+002, 0.,
       4.1884193105642532e+002, 1.4289072958617655e+002, 0., 0., 1. ]
