%YAML:1.0
M2: !!opencv-matrix
   rows: 3
   cols: 3
   dt: d
   data: [ 4.1884193105642532e+002, 0., 1.9830839657274288e+002, 0.,
       4.1884193105642532e+002, 1.4169119224535606e+002, 0., 0., 1. ]
