%YAML:1.0
Q: !!opencv-matrix
   rows: 4
   cols: 4
   dt: d
   data: [ 1., 0., 0., -1.8390846252441406e+002, 0., 1., 0.,
       -1.4190184783935547e+002, 0., 0., 0., 4.1884193105642532e+002, 0.,
       0., -4.0177271640720713e-001, 1.2806456290958682e+001 ]
