%YAML:1.0
T: !!opencv-matrix
   rows: 3
   cols: 1
   dt: d
   data: [ -2.4876286723651928e+000, -3.8929758376523189e-002,
       7.9671268194382666e-002 ]
