%YAML:1.0
M1: !!opencv-matrix
   rows: 3
   cols: 3
   dt: d
   data: [ 4.1243589331889149e+002, 0., 2.0282289399653587e+002, 0.,
       4.1243589331889149e+002, 1.3881681966881874e+002, 0., 0., 1. ]
