%YAML:1.0
M2: !!opencv-matrix
   rows: 3
   cols: 3
   dt: d
   data: [ 4.1243589331889149e+002, 0., 2.0339746948491870e+002, 0.,
       4.1243589331889149e+002, 1.3944688528328115e+002, 0., 0., 1. ]
