%YAML:1.0
Q: !!opencv-matrix
   rows: 4
   cols: 4
   dt: d
   data: [ 1., 0., 0., -1.7861896514892578e+002, 0., 1., 0.,
       -1.3832220458984375e+002, 0., 0., 0., 4.1243589331889149e+002, 0.,
       0., -3.9523147985738954e-001, 1.3691205696960315e+001 ]
