%YAML:1.0
T: !!opencv-matrix
   rows: 3
   cols: 1
   dt: d
   data: [ -2.5302012720799767e+000, -7.5207090602435384e-002,
       3.0927228270774584e-002 ]
