%YAML:1.0
M1: !!opencv-matrix
   rows: 3
   cols: 3
   dt: d
   data: [ 4.1698746772822949e+002, 0., 2.0891651808062804e+002, 0.,
       4.1698746772822949e+002, 1.3876839343358156e+002, 0., 0., 1. ]
