%YAML:1.0
M2: !!opencv-matrix
   rows: 3
   cols: 3
   dt: d
   data: [ 4.1698746772822949e+002, 0., 2.0748038315360833e+002, 0.,
       4.1698746772822949e+002, 1.3521615898385085e+002, 0., 0., 1. ]
