%YAML:1.0
Q: !!opencv-matrix
   rows: 4
   cols: 4
   dt: d
   data: [ 1., 0., 0., -2.0433660507202148e+002, 0., 1., 0.,
       -1.3608235931396484e+002, 0., 0., 0., 4.1698746772822949e+002, 0.,
       0., -1.6965822357348443e+001, 3.4791154953755887e+002 ]
