%YAML:1.0
T: !!opencv-matrix
   rows: 3
   cols: 1
   dt: d
   data: [ -5.8909204417956322e-002, -3.9052447174043361e-004,
       2.0075829389494065e-003 ]
