%YAML:1.0
M1: !!opencv-matrix
   rows: 3
   cols: 3
   dt: d
   data: [ 4.2536304718309623e+002, 0., 2.0602951272394722e+002, 0.,
       4.2536304718309623e+002, 1.3869511555564574e+002, 0., 0., 1. ]
