%YAML:1.0
M2: !!opencv-matrix
   rows: 3
   cols: 3
   dt: d
   data: [ 4.2536304718309623e+002, 0., 2.0369819037855083e+002, 0.,
       4.2536304718309623e+002, 1.3820728984551357e+002, 0., 0., 1. ]
