%YAML:1.0
Q: !!opencv-matrix
   rows: 4
   cols: 4
   dt: d
   data: [ 1., 0., 0., -1.9317884445190430e+002, 0., 1., 0.,
       -1.3833340740203857e+002, 0., 0., 0., 4.2536304718309623e+002, 0.,
       0., -3.9523953580770615e-001, 1.3538103737286026e+001 ]
