%YAML:1.0
T: !!opencv-matrix
   rows: 3
   cols: 1
   dt: d
   data: [ -2.5273595695001028e+000, -3.3829483280458761e-002,
       1.2695269340137391e-001 ]
