%YAML:1.0
M1: !!opencv-matrix
   rows: 3
   cols: 3
   dt: d
   data: [ 4.4460538819796687e+002, 0., 2.0855164701776840e+002, 0.,
       4.4460538819796687e+002, 1.3977539626150985e+002, 0., 0., 1. ]
