%YAML:1.0
M2: !!opencv-matrix
   rows: 3
   cols: 3
   dt: d
   data: [ 4.4460538819796687e+002, 0., 2.0656659575200197e+002, 0.,
       4.4460538819796687e+002, 1.3804003063538136e+002, 0., 0., 1. ]
