%YAML:1.0
Q: !!opencv-matrix
   rows: 4
   cols: 4
   dt: d
   data: [ 1., 0., 0., -1.7649583816528320e+002, 0., 1., 0.,
       -1.3850012588500977e+002, 0., 0., 0., 4.4429901799776189e+002, 0.,
       0., -1.6507784234188115e+001, 5.4724579293649049e+002 ]
