%YAML:1.0
T: !!opencv-matrix
   rows: 3
   cols: 1
   dt: d
   data: [ -6.0609568217541737e-002, 2.8871587920661314e-005,
       -1.5151652660534511e-004 ]
