%YAML:1.0
M1: !!opencv-matrix
   rows: 3
   cols: 3
   dt: d
   data: [ 4.1617968403357645e+002, 0., 2.0593103282544166e+002, 0.,
       4.1617968403357645e+002, 1.3851923603672384e+002, 0., 0., 1. ]
