%YAML:1.0
M2: !!opencv-matrix
   rows: 3
   cols: 3
   dt: d
   data: [ 4.1617968403357645e+002, 0., 2.0267055549812298e+002, 0.,
       4.1617968403357645e+002, 1.3617758877157689e+002, 0., 0., 1. ]
