%YAML:1.0
Q: !!opencv-matrix
   rows: 4
   cols: 4
   dt: d
   data: [ 1., 0., 0., -1.7201769256591797e+002, 0., 1., 0.,
       -1.3655045318603516e+002, 0., 0., 0., 4.1617968403357645e+002, 0.,
       0., -4.0565216022667494e-001, 2.0151561491707298e+001 ]
