%YAML:1.0
T: !!opencv-matrix
   rows: 3
   cols: 1
   dt: d
   data: [ -2.4649803978626474e+000, 5.5819467703754570e-003,
       5.3880757219736466e-002 ]
