%YAML:1.0
M2: !!opencv-matrix
   rows: 3
   cols: 3
   dt: d
   data: [ 4.2438595375479628e+002, 0., 2.1013348353149456e+002, 0.,
       4.2438595375479628e+002, 1.4148774265535590e+002, 0., 0., 1. ]
